Config File Name:,PestControl-noRatsNest
Config File Path:,C:\\Users\\Nikhil\\OneDrive\\5th year\\QRET\\DAQcontrol\\firstControlTest.json
Test Time:,2024-08-30 00-06-48
Time,TCNitrousSupply,TCNitrousRun,PTN2OSupply,PTRun,PTPreInjector,PTEngine,PTN2Supply,LCNitrousFill,LCThrust
0.010001659393310547,-10104.0,-31.83465576171875,14.32335376739502,12.585759162902832,3.167182207107544,-249.53505644225515,61.70215606689453,16.019767884512692,-1808.9861513582314
0.10177063941955566,-10104.0,-33.864898681640625,13.573020696640015,11.637955904006958,3.325134515762329,-249.5745473424904,55.83775043487549,16.001694850445038,-2258.463607400975
0.1937103271484375,-10104.0,-35.098480224609375,15.03416895866394,11.164069175720215,3.621309995651245,-249.53505644225515,60.782015323638916,16.008426892641914,-2479.216787719046
0.2856745719909668,-10104.0,-33.82696533203125,14.362841844558716,12.05262541770935,5.141705274581909,-249.53505644225515,65.44983386993408,16.01569221555913,-2543.0655278823983
0.37764620780944824,-10104.0,-34.88970947265625,14.619529247283936,9.308010339736938,3.8187801837921143,-249.51531100668944,69.39892768859863,16.021362711494522,-2599.8692710687774
0.4697389602661133,-10104.0,-33.41656494140625,13.059645891189575,9.623914957046509,0.7779598236083984,-249.53505644225515,72.80699014663696,16.01338857658538,-2614.200905474517
0.5619606971740723,-10104.0,-32.005401611328125,14.63925838470459,10.453224182128906,3.5028457641601562,-249.4955655420199,75.88727474212646,16.016046621555095,-2612.389361961711
0.6537327766418457,-10104.0,-31.822723388671875,14.283865690231323,11.46024465560913,3.937244415283203,-249.51531100668944,78.20539474487305,16.017464245538942,-2616.7573170781075
0.7475907802581787,-10104.0,-29.918426513671875,11.835426092147827,12.546241283416748,5.121976137161255,-249.51531100668944,80.0061821937561,16.01710983954298,-2600.7347694165483
0.8414044380187988,-10104.0,-32.7833251953125,13.276845216751099,9.999096393585205,4.272907972335815,-249.51531100668944,81.50287866592407,16.014628997571247,-2607.618862727903
0.9337987899780273,-10104.0,-29.804595947265625,14.876216650009155,10.690182447433472,3.0486881732940674,-249.51531100668944,82.70735740661621,16.019413478516732,-2599.728314138565
1.024552822113037,-10104.0,-32.460784912109375,14.362841844558716,10.828405618667603,2.535313367843628,-249.4955655420199,83.4892749786377,16.01533780956317,-2619.0519515255896
1.1158387660980225,-10104.0,-27.281280517578125,13.237357139587402,11.223316192626953,5.062729120254517,-249.4758201064542,84.14877653121948,16.013920185579323,-2618.1864531778183
1.2082631587982178,-10104.0,-32.384857177734375,13.809949159622192,12.329041957855225,3.4041106700897217,-249.51531100668944,84.69769954681396,16.020653899502598,-2621.04472537724
1.3001255989074707,-10104.0,-31.094696044921875,14.501065015792847,9.229034185409546,4.825770854949951,-249.4758201064542,85.0886583328247,16.020476696504616,-2629.740362201401
1.39154052734375,-10104.0,-31.550048828125,12.230336666107178,10.611206293106079,3.147423267364502,-249.4955655420199,85.37694215774536,16.01516060656519,-2630.7669541837
1.4831922054290771,-10104.0,-29.14764404296875,14.757752418518066,9.604185819625854,2.713024616241455,-249.51531100668944,85.80343723297119,16.02118550849654,-2621.8701402852876
1.5746891498565674,-10104.0,-31.455169677734375,13.809949159622192,10.472983121871948,3.5225749015808105,-249.51531100668944,85.92981100082397,16.017995854532884,-2622.111590768171
1.6672821044921875,-10104.0,-27.881317138671875,15.705525875091553,11.302292346954346,3.009200096130371,-249.51531100668944,86.17860078811646,16.01516060656519,-2621.4674061989676
1.7598373889923096,-10104.0,-30.4686279296875,13.98766040802002,10.49274206161499,2.7327537536621094,-249.4955655420199,86.33261919021606,16.020299493506634,-2623.621273685146
1.851694107055664,-10104.0,-31.493133544921875,14.876216650009155,9.11054015159607,3.759533166885376,-249.51531100668944,86.42740249633789,16.02083110250058,-2611.382906683728
1.9416537284851074,-10104.0,-30.968963623046875,12.131601572036743,10.216295719146729,3.9767324924468994,-249.4955655420199,86.60510778427124,16.01480620056923,-2617.0190942342156
2.0349576473236084,-10104.0,-31.348419189453125,14.501065015792847,9.722650051116943,4.450619220733643,-249.4955655420199,86.69593334197998,16.017995854532884,-2617.965139399251
2.1270463466644287,-10104.0,-31.70184326171875,13.099133968353271,9.860873222351074,3.4830868244171143,-249.4955655420199,86.7038369178772,16.021717117490482,-2614.845090043721
2.220130205154419,-10104.0,-31.151611328125,15.468567609786987,10.275542736053467,2.397090196609497,-249.51531100668944,86.83810234069824,16.01710983954298,-2618.4683670382424
2.3117330074310303,-10104.0,-29.868560791015625,12.763440608978271,11.51949167251587,3.265887498855591,-249.4955655420199,87.08689212799072,16.018527463526826,-2613.5569108742225
2.4060819149017334,-10104.0,-30.760284423828125,13.770461082458496,9.386986494064331,6.1092376708984375,-249.4955655420199,87.1263861656189,16.021717117490482,-2612.349088553079
2.4996607303619385,-10104.0,-29.254425048828125,12.664735317230225,9.76213812828064,3.897756338119507,-249.51531100668944,87.25275993347168,16.01516060656519,-2608.4642243713583
2.5923502445220947,-10104.0,-31.379302978515625,13.138622045516968,9.308010339736938,2.9302239418029785,-249.4758201064542,87.24881410598755,16.01710983954298,-2617.4015016473113
2.684309720993042,-10104.0,-30.904998779296875,12.704223394393921,9.604185819625854,2.515554428100586,-249.4955655420199,87.2369647026062,16.02118550849654,-2616.274226143432
2.776024103164673,-10104.0,-30.8291015625,14.224618673324585,8.222013711929321,4.154443740844727,-249.4955655420199,87.39097118377686,16.015515012561153,-2620.340320663997
2.867523431777954,-10104.0,-31.43621826171875,13.829708099365234,8.498430252075195,3.8582682609558105,-249.51531100668944,87.36333847045898,16.015869418557113,-2625.815224611048
2.9597737789154053,-10104.0,-30.904998779296875,14.402329921722412,9.426474571228027,3.759533166885376,-249.51531100668944,87.54498958587646,16.021008305498558,-2629.901455835929
3.050503969192505,-10104.0,-31.03778076171875,14.185130596160889,9.308010339736938,4.035979509353638,-249.4758201064542,87.51339912414551,16.017464245538942,-2619.8572297293213
3.141787052154541,-10104.0,-30.8291015625,14.007419347763062,8.85385274887085,2.6340484619140625,-249.4758201064542,87.65161037445068,16.016046621555095,-2617.200134604151
3.236485242843628,-10104.0,-32.479736328125,14.145642518997192,7.728368043899536,3.937244415283203,-249.4955655420199,87.67530918121338,16.020653899502598,-2619.3741387946457
3.328627109527588,-10104.0,-29.026763916015625,14.343082904815674,9.76213812828064,5.062729120254517,-249.53505644225515,87.67530918121338,16.016401027551055,-2612.9127263050186
3.4222002029418945,-10104.0,-31.139739990234375,13.750731945037842,9.327739477157593,3.028959035873413,-249.4955655420199,87.64766454696655,16.013034170589417,-2614.824953339405
3.5126805305480957,-10104.0,-28.742156982421875,14.283865690231323,10.01882553100586,4.62833046913147,-249.51531100668944,87.63977289199829,16.019413478516732,-2610.9199524533683
3.603057384490967,-10104.0,-31.04486083984375,12.842446565628052,10.01882553100586,3.4830868244171143,-249.4955655420199,87.79377937316895,16.019413478516732,-2618.568860590914
3.693516969680786,-10104.0,-29.330291748046875,13.33606243133545,12.56600022315979,2.4365782737731934,-249.4955655420199,87.79773712158203,16.01516060656519,-2624.0238178025575
3.7854108810424805,-10104.0,-31.379302978515625,14.32335376739502,11.79593801498413,5.556374788284302,-249.51531100668944,87.78588771820068,16.019945087510674,-2625.3724070850044
3.877601146697998,-10104.0,-30.248016357421875,13.138622045516968,8.616924285888672,4.845529794692993,-249.4955655420199,87.8056287765503,16.019945087510674,-2629.5593218314652
3.9681456089019775,-10104.0,-30.601409912109375,13.513773679733276,8.557677268981934,4.134684801101685,-249.51531100668944,87.80168294906616,16.01569221555913,-2630.6261872223968
4.060748338699341,-10104.0,-27.4449462890625,13.98766040802002,11.203557252883911,3.8385093212127686,-249.4955655420199,87.92805671691895,16.017995854532884,-2629.720225497085
4.153315544128418,-10104.0,-32.157196044921875,15.409350395202637,9.130299091339111,3.8582682609558105,-249.51531100668944,87.92015314102173,16.020653899502598,-2628.7339069234176
4.244837999343872,-10104.0,-28.7042236328125,15.290886163711548,10.650694370269775,3.621309995651245,-249.4955655420199,87.92409896850586,16.018350260528845,-2620.380594072629
4.335720062255859,-10104.0,-31.758758544921875,13.651996850967407,8.952587842941284,3.7200450897216797,-249.4955655420199,87.94385194778442,16.01905907252077,-2617.884592581987
4.430708408355713,-10104.0,-28.305816650390625,15.03416895866394,8.478701114654541,3.325134515762329,-249.51531100668944,87.93200254440308,16.020476696504616,-2609.5109530579734
4.520581007003784,-10104.0,-29.102630615234375,14.678776264190674,11.440515518188477,5.042970180511475,-249.51531100668944,87.92409896850586,16.01764144853692,-2615.9320921389685
4.616414546966553,-10104.0,-31.682861328125,13.770461082458496,9.426474571228027,1.9824504852294922,-249.53505644225515,87.92805671691895,16.018527463526826,-2614.5029560392577
4.711057662963867,-10104.0,-29.804595947265625,14.737993478775024,8.537918329238892,4.11495566368103,-249.51531100668944,88.0820631980896,16.021362711494522,-2615.1066772309205
4.801330089569092,-10104.0,-31.986419677734375,13.849467039108276,10.591447353363037,1.942962408065796,-249.4955655420199,88.08602094650269,16.016932636544997,-2626.3788623629875
4.8923585414886475,-10104.0,-31.30340576171875,13.67175579071045,9.702920913696289,2.4958252906799316,-249.4955655420199,88.07417154312134,16.01764144853692,-2630.4852302921845
4.982952356338501,-10104.0,-31.265472412109375,13.770461082458496,8.616924285888672,3.621309995651245,-249.4955655420199,88.20054531097412,16.021008305498558,-2630.2033164317604
5.075360536575317,-10104.0,-31.542938232421875,12.901663780212402,10.038584470748901,2.515554428100586,-249.4955655420199,88.04652690887451,16.01764144853692,-2630.102822879089
5.168038606643677,-10104.0,-30.525543212890625,12.269824743270874,11.025846004486084,3.897756338119507,-249.4955655420199,88.19658756256104,16.015869418557113,-2630.3644100662887
5.259032726287842,-10104.0,-30.127105712890625,12.763440608978271,9.604185819625854,3.028959035873413,-249.51531100668944,88.18473815917969,16.020476696504616,-2625.7348677626924
5.352761268615723,-10104.0,-31.986419677734375,14.303594827651978,10.038584470748901,3.3448636531829834,-249.51531100668944,88.21238279342651,16.018350260528845,-2624.486772032917
5.447589874267578,-10104.0,-29.8804931640625,16.02146029472351,9.090811014175415,4.727065563201904,-249.4955655420199,88.05047273635864,16.01480620056923,-2610.3563147014283
5.539836168289185,-10104.0,-29.261474609375,13.21759819984436,10.038584470748901,3.9569735527038574,-249.4955655420199,88.15314769744873,16.019767884512692,-2613.2951337181144
5.632171630859375,-10104.0,-29.728729248046875,14.283865690231323,9.584426879882812,2.7920007705688477,-249.4955655420199,88.21238279342651,16.018527463526826,-2609.973907288333
