Config File Name:,PestControl-noRatsNest
Config File Path:,C:\\Users\\Nikhil\\OneDrive\\5th year\\QRET\\DAQcontrol\\firstControlTest.json
Test Time:,2024-06-24 19-33-25
Time,TCNitrousSupply,TCNitrousRun,PTN2OSupply,PTRun,PTPreInjector,PTEngine,PTN2Supply,LCNitrousFill,LCThrust
0.010076045989990234,37.719879150390625,39.949554443359375,12.605488300323486,8.636653423309326,1.784980297088623,21.076291799545288,99.85430240631104,16.38157962840896,1.705782033250397
0.10237550735473633,40.869476318359375,39.303863525390625,11.953890323638916,7.68887996673584,-0.18955767154693604,18.390893936157227,99.87800121307373,16.380693613419055,1.665512705981648
0.1947944164276123,41.351654052734375,35.35589599609375,12.487024068832397,6.7015886306762695,0.7582306861877441,19.121497869491577,99.94908571243286,16.38193403440492,1.5648395733262874
0.29021787643432617,36.820831298828125,43.847137451171875,12.684464454650879,8.59716534614563,1.1136531829833984,19.121497869491577,99.96092319488525,16.38140242541098,1.6856473696160224
0.38249945640563965,43.259124755859375,41.437286376953125,12.190848588943481,7.155746221542358,-0.2882927656173706,18.74631643295288,99.88589286804199,16.38140242541098,1.6252435642294112
0.5006721019744873,45.44281005859375,37.016265869140625,10.01882553100586,5.674839019775391,3.8385093212127686,20.404934883117676,99.87009763717651,16.382465643398863,1.705782033250397
0.5996735095977783,46.082855224609375,35.199676513671875,10.176807641983032,9.031563997268677,0.8372068405151367,20.859092473983765,99.88589286804199,16.37963039543117,1.665512705981648
0.6921069622039795,35.5975341796875,43.207672119140625,10.55195927619934,6.168484687805176,0.560760498046875,18.845051527023315,99.87009763717651,16.380693613419055,1.705782033250397
0.7858901023864746,44.356842041015625,39.264739990234375,11.302292346954346,7.886320352554321,1.3505816459655762,16.811281442642212,99.89379644393921,16.380870816417037,1.5245702460575383
0.8785033226013184,39.519073486328125,39.284332275390625,9.722650051116943,7.767856121063232,2.7920007705688477,18.785804510116577,99.86220598220825,16.38281837766843,1.6453780423472733
0.971172571182251,37.837188720703125,38.932220458984375,12.30931282043457,7.214993238449097,0.6989836692810059,19.378185272216797,99.86220598220825,16.38140242541098,1.6252435642294112
1.0642216205596924,39.8248291015625,37.739410400390625,12.881934642791748,6.227701902389526,0.4817843437194824,18.94378662109375,99.88194704055786,16.38193403440492,1.705782033250397
1.1557836532592773,39.8248291015625,43.611907958984375,10.80864667892456,6.52390718460083,1.4493167400360107,18.252700567245483,99.85824823379517,16.386362437628048,1.6453780423472733
1.2493016719818115,44.20001220703125,36.000335693359375,11.361539363861084,6.622612476348877,0.5212724208831787,18.627852201461792,99.86615180969238,16.38175683140694,1.705782033250397
1.3416900634765625,34.80926513671875,44.972076416015625,11.578738689422607,7.412433624267578,1.5282928943634033,19.180715084075928,99.86615180969238,16.38140242541098,1.665512705981648
1.4328999519348145,45.023590087890625,36.351959228515625,11.46024465560913,7.274210453033447,1.627027988433838,18.904298543930054,99.87009763717651,16.38175683140694,1.6051089005950365
1.5257782936096191,35.8050537109375,44.0235595703125,12.032866477966309,7.076770067214966,1.8244683742523193,19.121497869491577,99.88194704055786,16.382288440400885,1.7259166968847715
1.617920160293579,46.02398681640625,37.661224365234375,10.512471199035645,8.932828903198242,2.4563372135162354,17.83803105354309,99.86220598220825,16.38140242541098,1.705782033250397
1.7094237804412842,37.160369873046875,42.671295166015625,9.801626205444336,8.044302463531494,-1.552000641822815,19.160985946655273,99.87404346466064,16.38193403440492,1.705782033250397
1.803055763244629,43.77606201171875,38.814849853515625,12.05262541770935,7.68887996673584,2.1601617336273193,19.31893825531006,99.99252557754517,16.383172783664392,1.665512705981648
1.8994674682617188,43.90594482421875,36.762237548828125,11.14434003829956,6.267189979553223,1.192629337310791,18.134206533432007,99.93723630905151,16.380870816417037,1.6856473696160224
1.992246389389038,35.336395263671875,46.220184326171875,12.82268762588501,8.123278617858887,2.1404027938842773,19.891560077667236,99.84639883041382,16.381048019415015,1.665512705981648
2.084489583969116,46.004364013671875,37.895843505859375,11.124581098556519,6.662100553512573,0.9754300117492676,20.543158054351807,99.85430240631104,16.38157962840896,1.6453780423472733
2.176929235458374,36.1370849609375,41.280609130859375,11.26280426979065,7.214993238449097,1.2321174144744873,17.857789993286133,99.8503565788269,16.380516410421073,1.6252435642294112
2.270381212234497,38.4041748046875,39.401702880859375,11.26280426979065,6.010502576828003,0.04738569259643555,20.444422960281372,99.88589286804199,16.37998480142713,1.665512705981648
2.3637685775756836,38.697540283203125,39.538665771484375,12.684464454650879,7.057011127471924,1.942962408065796,19.378185272216797,99.88194704055786,16.38140242541098,1.7661860241535206
2.454545736312866,38.834442138671875,40.661468505859375,10.946869850158691,5.7933032512664795,2.3378729820251465,18.60809326171875,99.87009763717651,16.38033920742309,1.6252435642294112
2.5469725131988525,38.893096923828125,38.306427001953125,11.183828115463257,7.3136985301971436,4.035979509353638,21.905601024627686,99.88194704055786,16.376263538469534,1.7259166968847715
2.641085624694824,36.781768798828125,45.403594970703125,10.769158601760864,9.130299091339111,0.4817843437194824,18.173694610595703,99.85824823379517,16.382288440400885,1.705782033250397
2.7342522144317627,45.043182373046875,34.836090087890625,12.368559837341309,8.478701114654541,0.4620552062988281,17.917007207870483,99.89379644393921,16.37963039543117,1.6252435642294112
2.8361692428588867,43.952484130859375,38.99822998046875,11.79593801498413,7.550656795501709,-0.7621794939041138,20.148247480392456,99.85824823379517,16.379098786437225,1.584974236960662
2.9298415184020996,38.6070556640625,39.401702880859375,12.30931282043457,7.550656795501709,3.265887498855591,17.89727807044983,99.99252557754517,16.38264117467045,1.7259166968847715
3.0211377143859863,39.878631591796875,39.624237060546875,12.190848588943481,6.7015886306762695,1.7060041427612305,18.29218864440918,99.88194704055786,16.380162004425113,1.6856473696160224
3.115781784057617,40.269989013671875,34.738494873046875,11.973649263381958,7.530897855758667,0.856935977935791,18.983274698257446,99.85824823379517,16.380693613419055,1.6051089005950365
3.2107717990875244,37.297210693359375,41.699188232421875,9.525209665298462,6.662100553512573,2.3181140422821045,17.95649528503418,99.88194704055786,16.37980759842915,1.705782033250397
3.306840658187866,39.878631591796875,45.207427978515625,11.045604944229126,7.550656795501709,0.5212724208831787,19.931048154830933,99.89379644393921,16.38175683140694,1.6453780423472733
3.401325225830078,46.384552001953125,36.632781982421875,10.848134756088257,7.590144872665405,1.5677809715270996,19.358426332473755,99.83060359954834,16.379275989435207,1.665512705981648
3.4958438873291016,39.377227783203125,38.939544677734375,12.467265129089355,7.3334574699401855,1.1333823204040527,18.963515758514404,99.87404346466064,16.37980759842915,1.6252435642294112
3.5895276069641113,40.269989013671875,38.724395751953125,11.756449937820435,7.471680641174316,2.653777599334717,19.634872674942017,99.98856782913208,16.38033920742309,1.665512705981648
3.681248903274536,39.604644775390625,38.91998291015625,10.571718215942383,7.629632949829102,-0.051334500312805176,18.627852201461792,99.85824823379517,16.37998480142713,1.6252435642294112
3.773686408996582,39.115570068359375,45.070159912109375,11.91440224647522,6.918787956237793,1.2321174144744873,19.06225085258484,100.0162124633789,16.378567177443283,1.705782033250397
3.8781931400299072,39.663360595703125,38.470184326171875,11.558979749679565,6.385684013366699,1.4098286628723145,18.371164798736572,99.86615180969238,16.380870816417037,1.705782033250397
3.972259283065796,39.272064208984375,39.819915771484375,10.591447353363037,5.4971277713775635,1.2123584747314453,17.877519130706787,99.9964714050293,16.38193403440492,1.5648395733262874
4.066635847091675,41.50335693359375,37.590362548828125,11.26280426979065,6.52390718460083,2.4760663509368896,22.537440061569214,99.86220598220825,16.382288440400885,1.6051089005950365
4.161956310272217,39.682952880859375,40.544036865234375,12.783199548721313,7.0372819900512695,2.653777599334717,20.6221342086792,99.87800121307373,16.381048019415015,1.6453780423472733
4.255053520202637,40.994293212890625,39.174285888671875,10.078072547912598,7.3136985301971436,2.7525126934051514,19.022762775421143,99.94908571243286,16.37945319243319,1.6856473696160224
4.346638917922974,40.407012939453125,39.519073486328125,12.980639934539795,6.207972764968872,1.8639564514160156,20.701110363006592,99.87404346466064,16.37980759842915,1.665512705981648
4.440171241760254,41.221893310546875,40.771575927734375,10.80864667892456,6.049990653991699,1.4295578002929688,18.114477396011353,99.88194704055786,16.378921583439247,1.6856473696160224
4.539770841598511,37.688079833984375,43.442840576171875,11.815667152404785,6.227701902389526,2.1798908710479736,18.647611141204834,99.89774227142334,16.381048019415015,1.665512705981648
4.6368772983551025,40.798492431640625,37.355804443359375,12.644976377487183,6.879299879074097,2.1996498107910156,17.69980788230896,99.92538690567017,16.37945319243319,1.6856473696160224
4.731236934661865,40.935516357421875,37.62945556640625,12.447535991668701,7.412433624267578,1.3110935688018799,19.85207200050354,99.88983869552612,16.380162004425113,1.7460513605191461
4.825070142745972,36.88677978515625,44.116668701171875,11.381268501281738,7.511168718338013,-0.20930171012878418,17.936766147613525,99.93327856063843,16.37963039543117,1.665512705981648
4.919030666351318,47.032196044921875,36.561920166015625,13.118863105773926,6.879299879074097,1.784980297088623,20.30622959136963,99.88194704055786,16.378921583439247,1.6252435642294112
5.012286901473999,36.88677978515625,42.365142822265625,10.01882553100586,6.938546895980835,0.12636184692382812,18.60809326171875,99.86615180969238,16.379098786437225,1.6252435642294112
5.105140924453735,39.017791748046875,40.211273193359375,11.756449937820435,6.44490122795105,2.3181140422821045,21.01704478263855,99.86615180969238,16.380162004425113,1.6856473696160224
5.198872804641724,38.5166015625,34.972747802734375,12.032866477966309,6.78059458732605,-0.9991228580474854,19.31893825531006,99.87800121307373,16.38033920742309,1.6051089005950365
5.295477867126465,39.037322998046875,39.416351318359375,11.499732732772827,9.44623351097107,2.7920007705688477,20.187735557556152,99.88589286804199,16.380693613419055,1.6856473696160224
5.389556407928467,39.866363525390625,40.257781982421875,11.815667152404785,8.73538851737976,1.3308525085449219,18.48962903022766,99.91353750228882,16.37998480142713,1.6453780423472733
5.482719898223877,40.113433837890625,36.222503662109375,10.907381772994995,6.997793912887573,3.562062978744507,19.634872674942017,99.88194704055786,16.38193403440492,1.665512705981648
5.5753138065338135,38.56793212890625,40.375213623046875,11.697202920913696,7.076770067214966,0.9161829948425293,18.568605184555054,99.85430240631104,16.37945319243319,1.6856473696160224
5.676081657409668,35.910003662109375,44.842132568359375,11.243045330047607,7.293969392776489,-0.505492091178894,19.73360776901245,99.98856782913208,16.379098786437225,1.584974236960662
5.77020788192749,44.17547607421875,38.145050048828125,11.578738689422607,7.274210453033447,0.2250969409942627,18.193453550338745,99.87009763717651,16.378567177443283,1.6051089005950365
5.864876747131348,39.905517578125,39.722076416015625,12.190848588943481,7.195234298706055,0.9754300117492676,19.180715084075928,99.88194704055786,16.376263538469534,1.6856473696160224
5.960591554641724,33.731048583984375,42.509613037109375,11.637955904006958,7.609903812408447,1.8837153911590576,19.536137580871582,99.87009763717651,16.38033920742309,1.6453780423472733
6.055188417434692,39.670684814453125,38.9591064453125,12.250065803527832,7.136017084121704,0.3040730953216553,20.04951238632202,99.93327856063843,16.380162004425113,1.544704909691913
6.150055885314941,41.491119384765625,34.960540771484375,10.41373610496521,6.18821382522583,1.7257630825042725,19.31893825531006,99.87800121307373,16.377326756457418,1.6856473696160224
6.247705936431885,40.544036865234375,38.861297607421875,10.591447353363037,6.918787956237793,1.469045877456665,19.73360776901245,99.85824823379517,16.37945319243319,1.6856473696160224
6.344909191131592,37.187225341796875,46.156402587890625,12.526512145996094,5.7933032512664795,2.416849136352539,19.042491912841797,99.89774227142334,16.37803556844934,1.705782033250397
6.440100193023682,37.578125,39.956878662109375,11.322051286697388,7.0372819900512695,0.7977187633514404,19.45716142654419,99.88194704055786,16.379275989435207,1.6453780423472733
6.541338920593262,38.489715576171875,45.175567626953125,12.723952531814575,8.73538851737976,1.3505816459655762,19.99029517173767,99.89379644393921,16.37998480142713,1.6453780423472733
6.636606454849243,42.99945068359375,38.477508544921875,11.045604944229126,6.543636322021484,2.258867025375366,19.832313060760498,99.85824823379517,16.37998480142713,1.6453780423472733
6.730146884918213,39.044647216796875,38.497039794921875,12.921422719955444,7.550656795501709,3.325134515762329,19.47692036628723,99.89774227142334,16.378212771447323,1.584974236960662
6.827105283737183,38.575286865234375,38.504364013671875,10.848134756088257,5.832791328430176,0.876694917678833,19.516408443450928,99.88194704055786,16.378921583439247,1.7259166968847715
6.933321952819824,39.61199951171875,38.985992431640625,12.723952531814575,7.491409778594971,2.081155776977539,18.785804510116577,99.87800121307373,16.3783899744453,1.7460513605191461
7.028144598007202,36.3665771484375,44.86175537109375,11.06533408164978,9.051322937011719,1.784980297088623,21.55017852783203,99.88589286804199,16.380693613419055,1.7863206877878952
7.1227381229400635,37.878692626953125,39.1424560546875,11.618226766586304,7.807344198226929,0.8174479007720947,21.096020936965942,99.88194704055786,16.379098786437225,1.7460513605191461
7.215957880020142,39.690277099609375,37.754058837890625,13.67175579071045,6.385684013366699,-0.09083747863769531,20.266711711883545,99.87800121307373,16.37785836545136,1.665512705981648
7.310835123062134,36.249359130859375,42.99945068359375,11.361539363861084,6.464660167694092,1.9824504852294922,17.423391342163086,99.85430240631104,16.378744380441265,1.6453780423472733
7.4062581062316895,39.103363037109375,39.220733642578125,10.729670524597168,6.918787956237793,2.7920007705688477,18.134206533432007,99.84245300292969,16.378921583439247,1.665512705981648
7.499821901321411,39.846771240234375,32.724090576171875,11.539250612258911,8.162766695022583,1.942962408065796,18.469899892807007,99.88589286804199,16.378212771447323,1.6453780423472733
7.593882083892822,33.640777587890625,43.97943115234375,12.151360511779785,7.866591215133667,0.7582306861877441,18.627852201461792,100.02015829086304,16.3783899744453,1.7259166968847715
7.687747240066528,43.771148681640625,38.379730224609375,12.644976377487183,8.182525634765625,0.6792545318603516,17.857789993286133,99.87009763717651,16.378567177443283,1.6453780423472733
7.783942461013794,41.882781982421875,34.8824462890625,11.815667152404785,6.879299879074097,1.607269048690796,19.358426332473755,99.85430240631104,16.376972350461457,1.6252435642294112
7.8839781284332275,40.120758056640625,36.112640380859375,10.078072547912598,7.392704486846924,0.8372068405151367,19.06225085258484,99.98067617416382,16.378921583439247,1.6856473696160224
7.97756552696228,35.5462646484375,43.195404052734375,11.243045330047607,6.464660167694092,3.0881762504577637,17.206192016601562,100.00041723251343,16.37963039543117,1.7460513605191461
8.072924613952637,37.91046142578125,39.09112548828125,12.723952531814575,6.227701902389526,1.2518465518951416,18.134206533432007,99.85824823379517,16.378567177443283,1.5648395733262874
8.16835618019104,38.92730712890625,34.140777587890625,13.237357139587402,7.846832275390625,2.7327537536621094,19.832313060760498,99.8503565788269,16.378921583439247,1.705782033250397
8.263288736343384,37.754058837890625,39.2867431640625,11.361539363861084,7.787615060806274,1.488804817199707,21.964818239212036,99.87009763717651,16.378567177443283,1.7259166968847715
8.360911130905151,35.5145263671875,41.968475341796875,14.264106750488281,8.044302463531494,2.3181140422821045,18.23294162750244,99.86615180969238,16.37803556844934,1.6051089005950365
8.455459117889404,42.33331298828125,39.912841796875,12.230336666107178,8.20225477218628,0.5212724208831787,20.859092473983765,99.86220598220825,16.378921583439247,1.7259166968847715
8.553228378295898,43.771148681640625,35.910003662109375,12.881934642791748,5.674839019775391,2.8709769248962402,19.773095846176147,99.89379644393921,16.3783899744453,1.6856473696160224
8.645695924758911,35.709808349609375,41.706512451171875,13.257086277008057,8.419454097747803,1.784980297088623,17.798542976379395,99.88589286804199,16.3783899744453,1.6453780423472733
8.743224859237671,34.74578857421875,44.58721923828125,12.05262541770935,6.030261516571045,2.416849136352539,18.864810466766357,99.87404346466064,16.378212771447323,1.6252435642294112
8.841980695724487,34.733612060546875,32.75579833984375,11.322051286697388,6.958305835723877,2.7525126934051514,17.50236749649048,80.84338903427124,16.388666076601798,1.6051089005950365
8.933793783187866,37.585479736328125,32.580291748046875,12.763440608978271,6.464660167694092,0.5410313606262207,20.918309688568115,68.84210109710693,16.378921583439247,1.7460513605191461
9.029435396194458,24.972076416015625,36.86236572265625,11.282533407211304,5.7933032512664795,2.0021796226501465,18.252700567245483,68.2260513305664,16.38299558066641,1.705782033250397
9.12244439125061,31.457061767578125,28.08160400390625,11.46024465560913,5.378663539886475,0.9359419345855713,17.364144325256348,73.61260652542114,16.37768116245338,1.6051089005950365
9.215359687805176,33.9139404296875,32.743621826171875,11.302292346954346,5.971014499664307,1.5677809715270996,19.71384882926941,78.15405130386353,16.376086335471552,1.6856473696160224
9.311193943023682,29.451019287109375,34.374969482421875,12.348800897598267,8.044302463531494,0.856935977935791,19.299209117889404,82.0439100265503,16.376440741467512,1.6453780423472733
9.408087253570557,33.009307861328125,41.5767822265625,12.092113494873047,6.52390718460083,2.2983551025390625,17.601102590560913,85.38088798522949,16.385830828634106,1.665512705981648
9.507146120071411,28.859832763671875,32.977630615234375,11.835426092147827,7.136017084121704,2.239137887954712,20.56291699409485,87.8727674484253,16.38193403440492,1.7863206877878952
9.601237058639526,33.055633544921875,33.777374267578125,11.420756578445435,5.852550268173218,2.278625965118408,19.121497869491577,89.95788097381592,16.376086335471552,1.6856473696160224
9.69586730003357,33.374969482421875,40.832763671875,12.111842632293701,7.234722375869751,1.7454922199249268,18.825292587280273,91.56121015548706,16.376263538469534,1.665512705981648
9.790290117263794,34.362762451171875,34.4798583984375,10.927140712738037,7.925808429718018,0.7582306861877441,18.588364124298096,92.84071922302246,16.375200320481646,1.7259166968847715
9.884113311767578,38.582611083984375,30.930999755859375,11.637955904006958,7.0372819900512695,0.6594955921173096,18.074989318847656,93.7450647354126,16.374137102493762,1.7460513605191461
9.980638027191162,32.139190673828125,34.499359130859375,12.941151857376099,6.622612476348877,1.2123584747314453,18.252700567245483,94.69679594039917,16.384058798654294,1.6252435642294112
10.077163457870483,37.54638671875,44.320068359375,10.729670524597168,6.049990653991699,1.942962408065796,18.390893936157227,95.05616426467896,16.384236001652276,1.6453780423472733
10.173972129821777,40.774017333984375,35.26068115234375,12.743711471557617,6.938546895980835,1.508563756942749,17.739295959472656,95.60903310775757,16.37555472647761,1.6252435642294112
10.267919540405273,43.927947998046875,34.538421630859375,10.255783796310425,7.195234298706055,2.7525126934051514,18.529117107391357,96.01184129714966,16.374314305491744,1.6856473696160224
10.363919973373413,27.505462646484375,38.15240478515625,11.183828115463257,6.8398118019104,0.560760498046875,19.160985946655273,96.28432989120483,16.37998480142713,1.6453780423472733
10.458995580673218,34.4798583984375,44.712249755859375,11.183828115463257,6.583124399185181,0.896453857421875,19.496649503707886,96.5489149093628,16.37803556844934,1.6252435642294112
10.55298900604248,38.03509521484375,33.874908447265625,12.605488300323486,8.162766695022583,0.04738569259643555,19.20047402381897,96.81745767593384,16.380693613419055,1.7259166968847715
10.647202253341675,35.29974365234375,38.504364013671875,11.578738689422607,9.584426879882812,-0.011846423149108887,18.055230379104614,96.99121713638306,16.383527189660352,1.6453780423472733
10.741123914718628,37.350921630859375,35.065460205078125,11.302292346954346,8.419454097747803,0.7779598236083984,22.024065256118774,97.2044587135315,16.37768116245338,1.6856473696160224
10.837074995040894,44.653411865234375,37.370452880859375,10.236024856567383,8.261501789093018,-0.09083747863769531,21.15526795387268,97.26369380950928,16.374137102493762,1.7661860241535206
10.93540620803833,42.712890625,33.25067138671875,11.598467826843262,6.010502576828003,2.653777599334717,18.03550124168396,97.32294082641602,16.37590913247357,1.665512705981648
11.030550718307495,32.568115234375,38.641265869140625,11.46024465560913,7.965296506881714,0.560760498046875,18.371164798736572,97.63096570968628,16.377326756457418,1.7259166968847715
11.12603497505188,38.081512451171875,41.028533935546875,11.361539363861084,7.234722375869751,1.4295578002929688,19.99029517173767,97.62306213378906,16.38140242541098,1.6856473696160224
11.222473621368408,40.859619140625,32.6461181640625,12.42777705192566,7.116258144378662,0.5410313606262207,21.66864275932312,97.74154424667358,16.381048019415015,1.6856473696160224
11.319242477416992,36.811004638671875,33.835906982421875,10.09783148765564,5.240440368652344,1.1136531829833984,17.087697982788086,97.78498411178589,16.37395989949578,1.7259166968847715
11.417681455612183,36.647430419921875,31.554473876953125,11.756449937820435,6.8398118019104,0.856935977935791,19.39791440963745,97.90345430374146,16.375023117483668,1.6252435642294112
11.511280536651611,33.277435302734375,43.653533935546875,11.815667152404785,8.20225477218628,0.6989836692810059,19.615113735198975,97.91134595870972,16.378567177443283,1.6453780423472733
11.603882551193237,41.36138916015625,30.64605712890625,9.801626205444336,8.419454097747803,1.0346472263336182,19.3386971950531,97.89555072784424,16.375200320481646,1.6453780423472733
11.70224380493164,42.08599853515625,35.814727783203125,12.684464454650879,7.846832275390625,0.2448558807373047,19.7928249835968,97.89555072784424,16.37998480142713,1.665512705981648
11.800354480743408,35.970977783203125,38.96881103515625,11.578738689422607,7.372945547103882,1.7060041427612305,17.95649528503418,98.18383455276489,16.384236001652276,1.5648395733262874
11.896116733551025,34.389556884765625,42.661407470703125,11.79593801498413,8.004814386367798,0.284343957901001,18.568605184555054,98.13250303268433,16.376795147463476,1.7661860241535206
11.990535259246826,39.294036865234375,36.28350830078125,11.953890323638916,6.622612476348877,1.0346472263336182,19.71384882926941,98.15224409103394,16.374137102493762,1.705782033250397
12.085838556289673,35.424163818359375,33.465240478515625,11.598467826843262,8.222013711929321,2.239137887954712,19.674360752105713,98.14434051513672,16.377149553459436,1.7259166968847715
12.19977355003357,38.589874267578125,36.674224853515625,11.282533407211304,6.760835647583008,1.7060041427612305,17.008721828460693,98.26282262802124,16.376795147463476,1.705782033250397
12.293104410171509,36.771942138671875,41.779937744140625,11.578738689422607,6.227701902389526,0.2053380012512207,18.35140585899353,98.26676845550537,16.378567177443283,1.705782033250397
12.390735387802124,37.4827880859375,41.466583251953125,11.697202920913696,7.530897855758667,0.264585018157959,18.983274698257446,98.28650951385498,16.380693613419055,1.6252435642294112
12.485400199890137,32.263458251953125,36.967315673828125,12.526512145996094,5.042970180511475,-0.4659891128540039,19.299209117889404,98.29835891723633,16.382288440400885,1.705782033250397
12.57844614982605,35.931915283203125,43.778472900390625,11.00611686706543,5.990773439407349,2.1798908710479736,18.963515758514404,98.4049916267395,16.378212771447323,1.7460513605191461
12.673938751220703,44.072509765625,35.248443603515625,9.860873222351074,6.089508533477783,1.6467571258544922,20.089000463485718,98.28256368637085,16.377149553459436,1.6051089005950365
12.767017841339111,44.09210205078125,38.042388916015625,13.197869062423706,7.0372819900512695,0.6989836692810059,18.60809326171875,98.42473268508911,16.374845914485686,1.7259166968847715
12.864072322845459,29.244140625,38.316131591796875,11.223316192626953,8.182525634765625,1.508563756942749,18.09471845626831,98.43658208847046,16.377326756457418,1.6856473696160224
12.963518857955933,36.693756103515625,40.56597900390625,11.993378400802612,7.3136985301971436,2.4563372135162354,20.48391103744507,98.53925704956055,16.383349986662374,1.6453780423472733
13.059811353683472,36.010040283203125,37.592742919921875,10.986357927322388,7.965296506881714,-0.6239563226699829,21.115779876708984,98.55505228042603,16.379098786437225,1.6453780423472733
13.153735876083374,39.5361328125,39.235321044921875,11.14434003829956,7.214993238449097,1.508563756942749,21.905601024627686,98.5511064529419,16.37768116245338,1.7863206877878952
13.248711347579956,34.955596923828125,39.379608154296875,12.289553880691528,8.755117654800415,0.896453857421875,18.390893936157227,98.55505228042603,16.37980759842915,1.6856473696160224
13.344144105911255,38.902801513671875,43.523651123046875,11.776179075241089,8.498430252075195,1.469045877456665,19.73360776901245,98.54714870452881,16.376617944465494,1.6051089005950365
13.438699960708618,38.394317626953125,32.965362548828125,11.697202920913696,7.274210453033447,-0.6831884384155273,17.95649528503418,98.57479333877563,16.376263538469534,1.7259166968847715
13.535068988800049,32.282928466796875,36.752410888671875,9.44623351097107,6.365925073623657,2.2983551025390625,19.516408443450928,98.53531122207642,16.381048019415015,1.7259166968847715
13.633105754852295,35.099578857421875,33.49200439453125,12.30931282043457,6.760835647583008,0.264585018157959,20.661622285842896,98.5511064529419,16.380870816417037,1.7460513605191461
13.729053258895874,34.006561279296875,36.928253173828125,12.013137340545654,7.372945547103882,-0.5252361297607422,17.818301916122437,98.53925704956055,16.377149553459436,1.584974236960662
13.824161767959595,40.761749267578125,38.440765380859375,10.828405618667603,6.583124399185181,2.3181140422821045,19.7928249835968,98.52346181869507,16.376795147463476,1.4037623570095472
13.91846251487732,36.896514892578125,40.194122314453125,11.341780424118042,6.365925073623657,1.3703405857086182,18.509387969970703,98.55505228042603,16.378567177443283,1.7259166968847715
14.010914087295532,37.6123046875,34.565216064453125,13.059645891189575,6.681859493255615,0.12636184692382812,18.588364124298096,98.66563081741333,16.378744380441265,1.6856473696160224
14.103995561599731,41.023590087890625,37.306915283203125,10.650694370269775,8.478701114654541,0.5410313606262207,20.839333534240723,98.65378141403198,16.380516410421073,1.665512705981648
14.197021245956421,38.421234130859375,42.002716064453125,12.585759162902832,6.030261516571045,1.6862452030181885,17.97625422477722,98.69327545166016,16.380516410421073,1.6051089005950365
14.291059255599976,45.288299560546875,32.71917724609375,11.282533407211304,6.227701902389526,1.3308525085449219,17.798542976379395,98.64587783813477,16.377326756457418,1.6252435642294112
14.384791612625122,32.6143798828125,35.2947998046875,10.49274206161499,7.965296506881714,1.0346472263336182,18.80556344985962,98.65378141403198,16.376086335471552,1.7259166968847715
14.480937957763672,32.0758056640625,42.511993408203125,10.374248027801514,6.938546895980835,1.3308525085449219,17.58134365081787,98.64983558654785,16.376617944465494,1.6252435642294112
14.574204444885254,37.678253173828125,33.7529296875,10.334759950637817,6.978034973144531,0.1856088638305664,19.615113735198975,98.77225160598755,16.376263538469534,1.6051089005950365
14.667635917663574,33.7529296875,38.949249267578125,10.907381772994995,5.319416522979736,-0.03159046173095703,20.10875940322876,98.70511293411255,16.38140242541098,1.7460513605191461
14.762386083602905,31.939361572265625,36.974639892578125,11.578738689422607,6.247460842132568,1.0149180889129639,19.99029517173767,98.83939027786255,16.37963039543117,1.7460513605191461
14.8577299118042,40.651611328125,33.850494384765625,11.26280426979065,5.062729120254517,1.9824504852294922,19.753336906433105,98.81963729858398,16.376086335471552,1.665512705981648
14.953541040420532,33.49200439453125,37.013763427734375,12.17108964920044,6.7213475704193115,0.36332011222839355,16.969233751296997,98.68142604827881,16.378212771447323,1.665512705981648
